Name,Team,Pos,G,GS,Inn,PO,A,E,FE,TE,DP,DPS,DPT,DPF,Scp,SB,CS,PB,WP,FP,TZ,playerid
Todd Frazier,- - -,3B,133,128,1107.2,71,240,13,9,4,33,36,2,2,,,,,,.960,,785
Brandon Phillips,- - -,2B,112,111,946.0,163,278,7,6,1,63,23,42,1,,,,,,.984,,791
Miguel Cabrera,DET,1B,115,115,938.1,761,63,1,1,0,86,6,1,85,7,,,,,.999,,1744
Joe Mauer,MIN,1B,125,118,1040.2,947,63,2,1,0,86,5,1,88,26,,,,,.998,,1857
Jose Bautista,TOR,RF,143,140,1242.2,274,10,5,3,2,0,2,0,0,,,,,,.983,,1887
Carlos Santana,CLE,1B,140,139,1225.2,1055,95,5,4,0,120,16,2,117,21,,,,,.996,,2396
Yonder Alonso,- - -,1B,135,121,1070.0,964,63,10,9,1,91,9,1,92,18,,,,,.990,,2530
Zack Cozart,CIN,SS,112,112,968.0,146,288,11,7,4,60,30,28,7,,,,,,.975,,2616
Mitch Moreland,BOS,1B,138,126,1170.0,938,67,5,3,2,92,6,0,93,18,,,,,.995,,3086
Robinson Cano,SEA,2B,150,148,1286.2,254,339,10,9,1,88,28,63,7,,,,,,.983,,3269
Matt Joyce,OAK,RF,115,103,907.0,205,4,7,5,2,0,2,0,0,,,,,,.968,,3353
Anthony Rizzo,CHC,1B,157,155,1341.0,1222,150,3,3,0,102,12,0,105,31,,,,,.998,,3473
Eric Hosmer,KCR,1B,157,155,1338.0,1235,75,4,2,1,116,4,0,124,34,,,,,.997,,3516
Dexter Fowler,STL,CF,109,108,933.1,222,5,1,1,0,0,1,0,0,,,,,,.996,,4062
Ryan Zimmerman,WSN,1B,143,131,1162.0,1005,49,12,5,7,97,6,0,97,25,,,,,.989,,4220
Matt Wieters,WSN,C,118,113,1003.2,1023,43,8,1,7,1,4,1,1,,57,19,5,28,.993,,4298
Joey Votto,CIN,1B,162,162,1391.2,1227,165,4,1,3,102,10,2,102,20,,,,,.997,,4314
Daniel Murphy,WSN,2B,139,136,1196.0,218,353,9,7,2,83,27,55,4,,,,,,.985,,4316
Jed Lowrie,OAK,2B,136,132,1161.0,199,344,5,5,0,88,39,54,6,,,,,,.991,,4418
Starlin Castro,NYY,2B,109,108,936.0,175,226,11,9,2,42,12,33,1,,,,,,.973,,4579
Mike Moustakas,KCR,3B,127,127,1093.0,74,226,12,7,5,16,16,0,1,,,,,,.962,,4892
Ender Inciarte,ATL,CF,156,154,1359.2,410,7,3,2,1,0,0,0,0,,,,,,.993,,4922
Jason Heyward,CHC,RF,120,104,919.0,207,5,2,1,1,0,5,0,0,,,,,,.991,,4940
Giancarlo Stanton,MIA,RF,149,149,1312.1,320,9,4,3,1,0,1,0,0,,,,,,.988,,4949
Josh Donaldson,TOR,3B,105,103,921.0,64,195,14,6,8,11,11,1,1,,,,,,.949,,5038
Alex Gordon,KCR,LF,140,135,1178.2,259,8,2,1,1,0,0,0,0,,,,,,.993,,5209
Justin Upton,- - -,LF,151,151,1287.2,318,9,8,7,1,0,0,0,0,,,,,,.976,,5222
Justin Turner,LAD,3B,121,119,1000.0,69,184,8,3,5,12,14,0,3,,,,,,.969,,5235
Brandon Crawford,SFG,SS,138,135,1201.0,221,374,11,5,6,82,48,35,2,,,,,,.982,,5343
Jose Altuve,HOU,2B,149,148,1283.1,201,351,10,6,4,81,33,51,2,,,,,,.982,,5417
Steven Souza Jr.,TBR,RF,138,136,1197.0,240,5,5,4,1,0,1,0,0,,,,,,.980,,5667
Avisail Garcia,CHW,RF,132,131,1120.0,263,13,9,7,2,0,3,0,0,,,,,,.968,,5760
Nick Markakis,ATL,RF,156,153,1354.0,286,6,1,1,0,0,1,0,0,,,,,,.997,,5930
Jean Segura,SEA,SS,124,124,1084.0,136,298,17,10,7,56,33,26,2,,,,,,.962,,5933
Didi Gregorius,NYY,SS,135,132,1174.2,144,360,9,6,3,45,22,22,3,,,,,,.983,,6012
J.D. Martinez,- - -,RF,113,112,945.2,197,3,4,4,0,0,2,0,0,,,,,,.980,,6184
Ian Kinsler,DET,2B,135,134,1137.1,263,327,10,6,4,86,43,49,4,,,,,,.983,,6195
Alcides Escobar,KCR,SS,162,162,1404.1,202,468,15,11,4,87,59,34,4,,,,,,.978,,6310
Danny Valencia,SEA,1B,118,111,984.0,897,64,11,7,3,91,12,3,90,16,,,,,.989,,6364
Adam Jones,BAL,CF,147,147,1267.0,331,5,5,4,1,0,1,0,0,,,,,,.985,,6368
Jordy Mercer,PIT,SS,144,143,1241.2,176,359,10,9,1,81,38,44,6,,,,,,.982,,6547
Freddy Galvis,PHI,SS,155,155,1359.1,226,404,7,4,3,86,39,42,13,,,,,,.989,,6609
Martin Maldonado,LAA,C,137,131,1146.1,1046,65,2,0,2,0,2,0,0,,46,29,8,48,.998,,6887
Yadier Molina,STL,C,133,133,1125.2,1082,55,7,0,6,3,8,3,3,,43,24,6,32,.994,,7007
Carlos Gonzalez,COL,RF,125,123,1064.0,201,3,3,2,1,0,1,0,0,,,,,,.986,,7287
Salvador Perez,KCR,C,115,113,941.2,784,46,5,1,4,0,3,0,0,,54,20,3,34,.994,,7304
Mark Reynolds,COL,1B,138,132,1173.0,1218,62,6,2,4,121,18,0,123,28,,,,,.995,,7619
Charlie Blackmon,COL,CF,158,158,1366.1,339,4,4,3,1,0,3,0,0,,,,,,.989,,7859
Jonathan Lucroy,- - -,C,110,108,947.2,758,63,4,2,2,1,3,2,1,,55,20,6,58,.995,,7870
Tim Beckham,- - -,SS,119,118,1047.1,140,317,18,8,10,62,39,21,6,,,,,,.962,,7949
Matt Carpenter,STL,1B,120,110,949.1,895,74,7,7,0,96,11,1,95,22,,,,,.993,,8090
Dee Gordon,MIA,2B,153,146,1293.1,266,390,12,8,4,91,43,50,3,,,,,,.982,,8203
Hunter Pence,SFG,RF,125,120,1047.1,256,5,1,1,0,0,0,0,0,,,,,,.996,,8252
Denard Span,SFG,CF,123,116,1039.1,276,1,2,2,0,0,0,0,0,,,,,,.993,,8347
Elvis Andrus,TEX,SS,157,157,1365.1,245,493,17,9,8,103,55,48,6,,,,,,.978,,8709
Jason Castro,MIN,C,108,104,908.2,707,34,3,1,2,0,3,1,1,,42,15,5,33,.996,,8722
Justin Smoak,TOR,1B,151,145,1301.1,1244,66,2,2,0,118,9,2,120,21,,,,,.999,,9054
Lorenzo Cain,KCR,CF,151,151,1275.0,430,6,7,6,1,0,3,0,0,,,,,,.984,,9077
Khris Davis,OAK,LF,116,115,993.0,212,2,1,1,0,0,1,0,0,,,,,,.995,,9112
Logan Morrison,TBR,1B,126,119,1077.2,1015,59,8,7,1,83,5,1,88,24,,,,,.993,,9205
Paul Goldschmidt,ARI,1B,151,150,1292.0,1254,103,4,2,2,113,8,0,112,27,,,,,.997,,9218
Keon Broxton,MIL,CF,139,113,1028.2,231,5,7,7,0,0,0,0,0,,,,,,.971,,9253
Chris Davis,BAL,1B,125,124,1093.0,1015,80,7,5,1,113,14,0,116,23,,,,,.994,,9272
Evan Longoria,TBR,3B,142,142,1240.0,96,267,12,5,7,30,27,5,1,,,,,,.968,,9368
David Freese,PIT,3B,116,114,977.2,66,222,12,8,3,27,28,1,0,,,,,,.960,,9549
Nolan Arenado,COL,3B,157,156,1343.1,103,311,9,5,4,33,33,4,3,,,,,,.979,,9777
Kyle Seager,SEA,3B,154,153,1353.1,130,311,14,13,1,40,34,8,5,,,,,,.969,,9785
Brian Dozier,MIN,2B,152,151,1311.0,264,405,5,4,1,104,42,64,4,,,,,,.993,,9810
Andrew McCutchen,PIT,CF,139,139,1188.1,270,8,4,4,0,0,2,0,0,,,,,,.986,,9847
DJ LeMahieu,COL,2B,153,151,1302.0,251,470,8,4,4,99,39,59,9,,,,,,.989,,9874
Jay Bruce,- - -,RF,133,131,1140.0,251,5,4,2,2,0,0,0,0,,,,,,.985,,9892
Brett Gardner,NYY,LF,122,116,1024.0,205,10,0,0,0,0,1,0,0,,,,,,1.000,,9927
Wil Myers,SDP,1B,154,153,1333.0,1295,72,8,5,3,140,15,0,144,27,,,,,.994,,10047
Mike Trout,LAA,CF,108,108,948.0,253,5,1,1,0,0,0,0,0,,,,,,.996,,10155
Billy Hamilton,CIN,CF,137,135,1175.1,301,13,3,2,1,0,4,0,0,,,,,,.991,,10199
Tucker Barnhart,CIN,C,110,105,926.1,863,89,1,0,1,1,8,0,1,,41,32,4,42,.999,,10200
Jose Iglesias,DET,SS,130,128,1116.1,199,332,7,1,6,78,34,42,7,,,,,,.987,,10231
Marcell Ozuna,MIA,LF,152,151,1335.0,305,10,5,5,0,0,0,0,0,,,,,,.984,,10324
Domingo Santana,MIL,RF,144,138,1211.1,224,4,5,4,1,0,1,0,0,,,,,,.979,,10348
Tommy Joseph,PHI,1B,130,125,1047.2,948,58,8,3,5,87,12,2,90,16,,,,,.992,,10349
Cesar Hernandez,PHI,2B,127,124,1096.1,224,337,11,7,4,75,32,46,2,,,,,,.981,,10556
Jedd Gyorko,STL,3B,109,102,900.0,53,212,9,4,5,25,24,3,0,,,,,,.967,,10816
Andrelton Simmons,LAA,SS,158,158,1369.2,235,436,14,4,10,90,47,46,8,,,,,,.980,,10847
Adam Duvall,CIN,LF,151,147,1277.1,267,15,6,3,3,0,1,0,0,,,,,,.979,,10950
Kole Calhoun,LAA,RF,154,153,1338.1,312,10,4,4,0,0,1,0,0,,,,,,.988,,11200
Jonathan Schoop,BAL,2B,159,158,1385.0,329,446,15,8,7,126,42,85,8,,,,,,.981,,11265
Whit Merrifield,KCR,2B,132,131,1142.2,232,341,11,8,3,89,29,61,3,,,,,,.981,,11281
Yasmani Grandal,LAD,C,117,113,999.1,1089,54,6,2,4,1,2,1,1,,44,21,16,29,.995,,11368
Odubel Herrera,PHI,CF,133,128,1144.0,323,6,2,2,0,0,3,0,0,,,,,,.994,,11476
Christian Yelich,MIA,CF,155,155,1368.2,370,1,1,1,0,0,0,0,0,,,,,,.997,,11477
Michael Taylor,WSN,CF,111,106,940.1,258,8,4,4,0,0,1,0,0,,,,,,.985,,11489
Manny Machado,BAL,3B,156,156,1370.0,114,297,14,8,6,34,28,8,2,,,,,,.967,,11493
Bryce Harper,WSN,RF,110,109,938.0,173,8,2,1,1,0,2,0,0,,,,,,.989,,11579
Brandon Drury,ARI,2B,114,109,947.0,154,276,10,7,3,58,27,32,2,,,,,,.977,,11615
Nick Castellanos,DET,3B,129,128,1098.1,77,202,18,11,6,20,20,1,1,,,,,,.939,,11737
J.T. Realmuto,MIA,C,126,125,1095.2,929,87,6,2,3,3,9,1,3,,53,25,9,44,.994,,11739
Joe Panik,SFG,2B,137,131,1191.0,249,332,9,8,1,80,22,59,5,,,,,,.985,,11936
Travis Shaw,MIL,3B,143,142,1221.1,90,255,9,6,3,26,30,1,1,,,,,,.975,,11982
Max Kepler,MIN,RF,138,120,1086.0,264,7,2,2,0,0,3,0,0,,,,,,.993,,12144
Eddie Rosario,MIN,LF,138,126,1108.1,225,5,4,2,2,0,1,0,0,,,,,,.983,,12155
Xander Bogaerts,BOS,SS,146,142,1310.1,199,336,17,7,10,72,40,31,4,,,,,,.969,,12161
Maikel Franco,PHI,3B,144,143,1251.0,103,215,15,8,7,17,19,1,3,,,,,,.955,,12179
Scott Schebler,CIN,RF,120,115,986.2,188,7,5,4,1,0,2,0,0,,,,,,.975,,12225
Rougned Odor,TEX,2B,158,157,1366.1,321,429,19,10,9,121,49,76,6,,,,,,.975,,12282
Kevin Pillar,TOR,CF,153,148,1343.1,316,8,1,1,0,0,0,0,0,,,,,,.997,,12434
Eugenio Suarez,CIN,3B,153,149,1302.0,103,267,9,4,5,25,28,2,3,,,,,,.976,,12552
Trevor Story,COL,SS,142,133,1185.1,191,408,11,5,6,92,38,57,6,,,,,,.982,,12564
Anthony Rendon,WSN,3B,145,143,1268.1,83,244,7,1,5,27,26,1,1,,,,,,.979,,12861
Francisco Lindor,CLE,SS,158,158,1377.0,210,391,10,7,3,98,54,45,12,,,,,,.984,,12916
Austin Hedges,SDP,C,115,109,933.1,921,56,10,1,9,2,4,2,4,,45,26,3,35,.990,,12976
Jackie Bradley Jr.,BOS,CF,132,131,1204.1,300,6,4,3,1,0,1,0,0,,,,,,.987,,12984
Josh Bell,PIT,1B,147,139,1186.1,1139,86,10,4,5,104,5,1,113,16,,,,,.992,,13145
Jorge Polanco,MIN,SS,130,127,1119.2,154,335,18,10,8,65,36,29,5,,,,,,.965,,13152
Orlando Arcia,MIL,SS,152,137,1240.1,253,415,20,14,6,99,38,61,5,,,,,,.971,,13185
Mike Zunino,SEA,C,120,112,994.0,894,56,7,3,4,0,2,1,3,,54,17,10,52,.993,,13265
Jake Lamb,ARI,3B,144,143,1264.0,84,241,14,10,4,17,18,1,1,,,,,,.959,,13329
Mookie Betts,BOS,RF,153,153,1389.1,366,8,5,1,4,0,1,0,0,,,,,,.987,,13611
Corey Seager,LAD,SS,138,134,1162.0,185,324,11,5,6,69,37,36,4,,,,,,.979,,13624
Byron Buxton,MIN,CF,137,131,1143.0,389,6,5,2,3,0,1,0,0,,,,,,.988,,14161
Carlos Correa,HOU,SS,108,108,946.0,127,282,9,7,2,59,32,28,2,,,,,,.979,,14162
Yasiel Puig,LAD,RF,145,135,1201.2,259,4,1,0,0,0,0,0,0,,,,,,.996,,14225
Manuel Margot,SDP,CF,123,121,1049.2,273,6,3,2,1,0,0,0,0,,,,,,.989,,14712
Tim Anderson,CHW,SS,145,145,1264.0,197,363,28,16,12,76,50,29,9,,,,,,.952,,15172
Kris Bryant,CHC,3B,144,139,1212.2,72,260,18,9,9,20,20,2,2,,,,,,.949,,15429
Hunter Renfroe,SDP,RF,120,117,1015.0,204,9,9,1,8,0,1,0,0,,,,,,.960,,15464
Aaron Judge,NYY,RF,141,141,1238.2,265,5,5,3,2,0,2,0,0,,,,,,.982,,15640
Jose Abreu,CHW,1B,139,138,1197.0,1135,78,8,7,1,121,9,2,125,23,,,,,.993,,15676
Alex Bregman,HOU,3B,132,127,1092.2,86,241,10,7,3,26,23,4,1,,,,,,.970,,17678
Andrew Benintendi,BOS,LF,123,116,1078.1,189,11,5,3,2,0,1,0,0,,,,,,.976,,17901
Dansby Swanson,ATL,SS,142,135,1202.0,196,358,20,13,7,77,37,40,7,,,,,,.965,,18314
Yulieski Gurriel,HOU,1B,131,130,1109.1,991,90,8,5,2,108,13,0,109,29,,,,,.993,,19198
