1,Buxton; Byron,,25,3,26,11.5,26,29,89.7,22,24,91.7,34,34,100,58,59,98.3
2,Inciarte; Ender,,19,7,37,18.9,17,27,63,27,32,84.4,33,36,91.7,50,52,96.2
3,Betts; Mookie,,16,2,36,5.6,22,28,78.6,31,37,83.8,25,28,89.3,52,54,96.3
4,Engel; Adam,,16,4,20,20,11,16,68.8,15,16,93.8,25,25,100,40,40,100
5,Cain; Lorenzo,,15,1,32,3.1,14,19,73.7,26,33,78.8,39,42,92.9,65,68,95.6
6,Kiermaier; Kevin,,12,4,15,26.7,9,11,81.8,14,16,87.5,12,13,92.3,29,30,96.7
7,Heyward; Jason,,11,4,17,23.5,12,19,63.2,9,10,90,14,15,93.3,37,38,97.4
8,Bradley Jr.; Jackie,,11,3,28,10.7,7,13,53.8,20,22,90.9,24,24,100,37,40,92.5
9,Hamilton; Billy,,10,3,25,12,9,14,64.3,17,21,81,24,24,100,38,38,100
10,Herrera; Odubel,,10,4,25,16,8,12,66.7,20,25,80,19,21,90.5,56,58,96.6
11,Broxton; Keon,,9,4,27,14.8,6,10,60,14,18,77.8,22,22,100,36,37,97.3
12,Duvall; Adam,,9,5,26,19.2,11,16,68.8,13,20,65,24,29,82.8,38,41,92.7
13,Souza Jr.; Steven,,9,5,23,21.7,6,16,37.5,17,22,77.3,19,20,95,38,39,97.4
14,Kepler; Max,,8,2,26,7.7,6,15,40,24,29,82.8,22,24,91.7,50,51,98
15,Taylor; Michael A.,,8,3,18,16.7,12,17,70.6,12,13,92.3,17,20,85,44,45,97.8
16,Margot; Manuel,,8,4,27,14.8,9,16,56.3,19,20,95,14,18,77.8,47,48,97.9
17,Lagares; Juan,,7,1,11,9.1,6,7,85.7,7,8,87.5,15,17,88.2,20,20,100
18,Heredia; Guillermo,,7,2,26,7.7,7,15,46.7,12,14,85.7,15,16,93.8,55,55,100
19,Dyson; Jarrod,,7,3,15,20,11,14,78.6,6,10,60,12,14,85.7,32,32,100
20,Judge; Aaron,,6,2,24,8.3,8,16,50,14,15,93.3,21,22,95.5,37,38,97.4
21,Pham; Tommy,,6,2,25,8,7,13,53.8,15,17,88.2,16,17,94.1,44,45,97.8
22,Hernandez; Gorkys,,5,2,22,9.1,5,13,38.5,13,15,86.7,11,12,91.7,20,20,100
23,Martin; Leonys,,5,1,8,12.5,2,2,100,7,8,87.5,6,6,100,9,9,100
24,Rickard; Joey,,5,0,10,0,8,11,72.7,8,10,80,8,9,88.9,30,30,100
25,Marisnick; Jake,,5,0,16,0,5,6,83.3,10,12,83.3,8,9,88.9,15,16,93.8
26,DeShields; Delino,,4,2,18,11.1,8,11,72.7,13,17,76.5,8,11,72.7,31,32,96.9
27,Parra; Gerardo,,4,1,20,5,5,11,45.5,8,9,88.9,12,14,85.7,27,27,100
28,Granite; Zack,,4,1,10,10,2,2,100,6,6,100,5,6,83.3,11,11,100
29,Reddick; Josh,,4,1,22,4.5,7,14,50,15,16,93.8,19,20,95,27,32,84.4
30,Cordero; Franchy,,4,0,1,0,3,4,75,4,4,100,3,3,100,9,9,100
31,Bellinger; Cody,,3,1,11,9.1,3,4,75,3,3,100,3,3,100,9,9,100
32,Gardner; Brett,,3,1,21,4.8,10,20,50,11,11,100,25,27,92.6,27,29,93.1
33,Gordon; Alex,,3,2,26,7.7,2,5,40,14,18,77.8,13,15,86.7,41,43,95.3
34,Robinson; Shane,,3,1,2,50,2,3,66.7,3,3,100,2,2,100,4,4,100
35,Haniger; Mitch,,3,0,13,0,4,12,33.3,15,21,71.4,13,14,92.9,28,29,96.6
36,Schebler; Scott,,2,1,25,4,5,10,50,13,21,61.9,23,25,92,32,33,97
37,Nimmo; Brandon,,2,1,7,14.3,1,3,33.3,7,9,77.8,5,6,83.3,17,17,100
38,Gomez; Carlos,,2,1,19,5.3,5,12,41.7,10,15,66.7,14,16,87.5,45,45,100
39,Pollock; A.J.,,2,0,15,0,3,11,27.3,10,13,76.9,19,19,100,33,36,91.7
40,Fisher; Derek,,2,1,11,9.1,2,4,50,8,8,100,7,9,77.8,12,13,92.3
41,Brantley; Michael,,2,2,20,10,3,12,25,7,8,87.5,16,17,94.1,19,20,95
42,Blanco; Gregor,,2,0,10,0,3,5,60,5,6,83.3,4,5,80,9,10,90
43,Almonte; Abraham,,2,0,9,0,1,2,50,8,9,88.9,4,4,100,5,8,62.5
44,Grichuk; Randal,,2,1,29,3.4,5,8,62.5,12,14,85.7,10,10,100,23,24,95.8
45,Tapia; Raimel,,2,1,8,12.5,2,3,66.7,1,1,100,3,6,50,11,11,100
46,Szczur; Matt,,2,0,8,0,4,5,80,5,6,83.3,6,7,85.7,16,18,88.9
47,Jones; JaCoby,,2,0,9,0,4,6,66.7,6,9,66.7,14,14,100,22,22,100
48,Dickerson; Corey,,2,3,17,17.6,4,9,44.4,6,8,75,11,14,78.6,27,31,87.1
49,Stevenson; Andrew,,2,0,3,0,3,3,100,1,1,100,4,4,100,5,5,100
50,Frazier; Adam,,2,0,6,0,5,7,71.4,6,8,75,4,6,66.7,12,12,100
51,Maybin; Cameron,,2,0,28,0,7,12,58.3,20,24,83.3,19,22,86.4,20,21,95.2
52,Davis; Khris,,2,1,16,6.3,6,13,46.2,12,14,85.7,11,12,91.7,29,30,96.7
53,Pinder; Chad,,1,0,4,0,2,4,50,6,7,85.7,3,5,60,14,14,100
54,Piscotty; Stephen,,1,0,10,0,3,9,33.3,9,10,90,5,8,62.5,34,34,100
55,Gonzalez; Carlos,,1,3,20,15,5,16,31.3,13,16,81.3,11,14,78.6,24,27,88.9
56,Holt; Brock,,1,0,2,0,1,1,100,1,1,100,0,0,,5,5,100
57,Ozuna; Marcell,,1,0,32,0,5,15,33.3,20,22,90.9,23,26,88.5,45,46,97.8
58,Profar; Jurickson,,1,0,2,0,1,1,100,5,5,100,1,1,100,0,1,0
59,Santana; Danny,,1,0,8,0,3,6,50,4,7,57.1,2,2,100,14,15,93.3
60,Young Jr.; Eric,,1,0,10,0,2,3,66.7,3,3,100,5,5,100,4,4,100
61,Bader; Harrison,,1,0,4,0,0,1,0,4,4,100,3,3,100,6,6,100
62,Bourjos; Peter,,1,0,7,0,3,3,100,5,6,83.3,12,12,100,9,9,100
63,Gonzalez; Marwin,,1,0,8,0,5,11,45.5,6,8,75,5,6,83.3,12,14,85.7
64,Allen; Greg,,1,1,4,25,1,2,50,0,0,,4,4,100,2,2,100
65,Alcantara; Arismendy,,1,0,1,0,2,2,100,3,3,100,1,2,50,2,2,100
66,Hazelbaker; Jeremy,,1,0,1,0,1,1,100,0,0,,2,2,100,3,3,100
67,Ellsbury; Jacoby,,1,0,16,0,2,5,40,4,9,44.4,17,17,100,25,25,100
68,Toles; Andrew,,1,1,3,33.3,0,1,0,0,0,,0,0,,9,9,100
69,Revere; Ben,,1,0,12,0,2,4,50,10,13,76.9,4,4,100,24,25,96
70,Frazier; Clint,,1,0,3,0,0,0,,3,4,75,3,4,75,5,5,100
71,Liriano; Rymer,,1,0,0,,1,1,100,0,0,,1,1,100,0,0,
72,Stubbs; Drew,,1,1,3,33.3,0,0,,0,0,,1,1,100,3,3,100
73,Marrero; Chris,,1,0,0,,1,1,100,0,0,,1,1,100,2,2,100
74,Marte; Starling,,1,1,12,8.3,4,8,50,8,11,72.7,11,12,91.7,25,27,92.6
75,Smolinski; Jake,,1,0,3,0,0,0,,1,1,100,2,2,100,5,5,100
76,Davis; Rajai,,1,0,12,0,1,6,16.7,4,8,50,4,5,80,30,30,100
77,Polanco; Gregory,,1,1,19,5.3,6,12,50,10,11,90.9,12,14,85.7,20,22,90.9
78,Cardullo; Stephen,,1,0,1,0,0,0,,2,2,100,0,0,,2,2,100
79,Brinson; Lewis,,1,0,1,0,3,4,75,0,0,,1,1,100,2,2,100
80,Hicks; Aaron,,1,0,13,0,1,9,11.1,13,14,92.9,18,19,94.7,34,35,97.1
81,Hannemann; Jacob,,1,0,0,,1,1,100,0,0,,1,1,100,3,3,100
82,Chisenhall; Lonnie,,1,0,11,0,1,3,33.3,7,11,63.6,4,4,100,10,11,90.9
83,Jankowski; Travis,,1,0,1,0,0,0,,2,2,100,1,1,100,12,12,100
84,Gentry; Craig,,1,0,7,0,1,3,33.3,4,4,100,1,1,100,11,11,100
85,Orlando; Paulo,,1,1,4,25,1,2,50,2,4,50,3,3,100,4,4,100
86,Verdugo; Alex,,0,0,2,0,0,0,,0,0,,1,1,100,0,0,
87,Suzuki; Ichiro,,0,1,11,9.1,1,4,25,2,4,50,6,6,100,10,11,90.9
88,Sogard; Eric,,0,0,0,,0,0,,0,0,,0,0,,0,0,
89,Smith; Mallex,,0,0,10,0,3,7,42.9,7,9,77.8,9,10,90,27,30,90
90,Naquin; Tyler,,0,0,3,0,0,0,,1,1,100,1,2,50,1,1,100
91,Locastro; Tim,,0,0,0,,0,0,,0,0,,0,0,,0,0,
92,Hill; Aaron,,0,0,2,0,0,1,0,1,1,100,0,1,0,1,1,100
93,Garver; Mitch,,0,0,0,,0,0,,0,0,,0,0,,0,0,
94,Garcia; Avisail,,0,1,18,5.6,4,11,36.4,13,17,76.5,25,25,100,34,36,94.4
95,Florimon; Pedro,,0,0,1,0,1,1,100,0,0,,1,1,100,2,2,100
96,Barney; Darwin,,0,0,0,,0,0,,0,0,,0,0,,1,1,100
97,den Dekker; Matt,,0,0,0,,0,0,,1,1,100,1,1,100,0,0,
98,Torreyes; Ronald,,0,0,0,,0,0,,0,0,,0,0,,0,0,
99,Tauchman; Mike,,0,0,0,,0,0,,0,0,,0,0,,2,2,100
100,Robinson; Drew,,0,0,3,0,0,1,0,1,1,100,1,1,100,2,2,100
101,Morse; Michael,,0,0,0,,0,0,,0,0,,0,0,,0,0,
102,McCutchen; Andrew,,0,0,37,0,5,14,35.7,17,22,77.3,23,28,82.1,39,43,90.7
103,May; Jacob,,0,0,6,0,0,0,,2,3,66.7,1,1,100,7,7,100
104,LaMarre; Ryan,,0,0,0,,0,0,,0,0,,0,0,,1,1,100
105,Gore; Terrance,,0,0,0,,0,0,,0,0,,0,0,,1,1,100
106,Coghlan; Chris,,0,0,2,0,0,0,,0,0,,0,0,,1,1,100
107,Austin; Tyler,,0,0,0,,0,0,,0,0,,0,0,,0,0,
108,Zimmer; Bradley,,0,0,14,0,4,5,80,5,7,71.4,19,19,100,30,34,88.2
109,Williams; Mason,,0,0,3,0,0,2,0,0,0,,1,1,100,2,3,66.7
110,Van Slyke; Scott,,0,0,2,0,0,0,,0,0,,0,0,,2,2,100
111,Tomlinson; Kelby,,0,0,1,0,0,0,,0,0,,0,0,,0,0,
112,Taylor; Chris,,0,0,12,0,5,9,55.6,10,14,71.4,10,12,83.3,29,33,87.9
113,Stassi; Brock,,0,0,0,,0,0,,0,0,,0,0,,0,0,
114,Selsky; Steve,,0,0,0,,0,0,,0,0,,0,0,,2,2,100
115,Rodriguez; Sean,,0,0,2,0,2,3,66.7,0,0,,2,3,66.7,4,4,100
116,Robles; Victor,,0,0,1,0,0,0,,0,0,,0,0,,2,2,100
117,Nunez; Renato,,0,0,1,0,0,0,,0,0,,0,0,,0,0,
118,Moncrief; Carlos,,0,0,3,0,0,0,,0,0,,2,2,100,2,2,100
119,Huffman; Chad,,0,0,2,0,0,0,,0,0,,1,1,100,0,0,
120,Contreras; Willson,,0,0,0,,0,0,,0,0,,1,1,100,1,1,100
121,Ceciliani; Darrell,,0,0,0,,0,0,,0,0,,0,0,,0,0,
122,Burns; Billy,,0,0,0,,0,0,,1,1,100,0,0,,1,1,100
123,Berry; Quintin,,0,0,0,,0,0,,0,0,,1,1,100,0,0,
124,Beltran; Carlos,,0,0,3,0,0,0,,1,1,100,0,0,,0,0,
125,d'Arnaud; Chase,,0,0,0,,0,0,,0,0,,0,0,,0,0,
126,Smith Jr.; Dwight,,0,0,3,0,1,2,50,0,0,,0,0,,1,1,100
127,Rua; Ryan,,0,0,4,0,0,1,0,1,2,50,4,4,100,7,8,87.5
128,Puello; Cesar,,0,0,0,,0,0,,0,0,,1,1,100,1,1,100
129,Perez; Hernan,,0,0,8,0,0,5,0,5,7,71.4,9,9,100,12,12,100
130,Parmley; Ian,,0,0,1,0,0,0,,0,0,,0,0,,2,2,100
131,Olson; Matt,,0,0,1,0,0,1,0,0,1,0,3,3,100,3,3,100
132,Eaton; Adam,,0,0,9,0,0,0,,2,2,100,3,4,75,3,4,75
133,Alford; Anthony,,0,0,0,,1,1,100,0,0,,0,0,,1,1,100
134,Zagunis; Mark,,0,0,0,,0,0,,0,0,,0,0,,1,1,100
135,Sanchez; Yolmer,,0,0,0,,0,0,,0,0,,0,0,,0,0,
136,Peterson; Shane,,0,1,4,25,0,3,0,3,3,100,3,4,75,5,5,100
137,Peralta; David,,0,0,25,0,9,21,42.9,11,15,73.3,18,21,85.7,40,41,97.6
138,Nieuwenhuis; Kirk,,0,0,1,0,1,1,100,0,0,,1,3,33.3,1,1,100
139,Moss; Brandon,,0,0,0,,0,0,,0,0,,0,0,,0,0,
140,Moore; Tyler,,0,0,1,0,0,0,,0,0,,0,0,,2,2,100
141,Merrifield; Whit,,0,0,4,0,1,2,50,1,1,100,2,2,100,2,2,100
142,Marte; Jefry,,0,0,0,,0,1,0,0,0,,0,0,,1,1,100
143,Heisey; Chris,,0,0,2,0,1,1,100,0,1,0,3,3,100,5,5,100
144,Gallo; Joey,,0,0,6,0,1,2,50,3,4,75,3,3,100,3,3,100
145,Decker; Jaff,,0,0,4,0,0,1,0,0,0,,1,1,100,5,5,100
146,Cordoba; Allen,,0,0,7,0,0,1,0,2,2,100,3,3,100,7,8,87.5
147,Bostick; Christopher,,0,0,1,0,0,0,,0,0,,0,0,,1,1,100
148,White; Tyler,,0,0,1,0,0,0,,0,0,,0,0,,0,0,
149,Slater; Austin,,0,0,6,0,3,5,60,4,7,57.1,3,3,100,6,7,85.7
150,Rivera; T.J.,,0,0,0,,0,0,,0,0,,1,1,100,0,0,
151,Refsnyder; Rob,,0,0,0,,0,0,,1,2,50,1,1,100,1,1,100
152,Martinez; Michael,,0,0,0,,0,0,,0,0,,0,0,,2,2,100
153,Mahtook; Mikie,,0,0,24,0,4,11,36.4,10,13,76.9,13,14,92.9,28,29,96.6
154,Kemp; Tony,,0,0,0,,0,0,,0,1,0,2,2,100,2,2,100
155,Garcia; Leury,,0,1,14,7.1,4,8,50,5,5,100,9,11,81.8,30,33,90.9
156,Galvis; Freddy,,0,0,0,,0,0,,0,0,,0,0,,1,1,100
157,Escobar; Eduardo,,0,0,1,0,0,0,,0,0,,0,0,,0,0,
158,Dietrich; Derek,,0,0,0,,0,0,,0,0,,0,0,,1,1,100
159,De Aza; Alejandro,,0,0,2,0,0,0,,2,2,100,2,3,66.7,2,2,100
160,Bautista; Rafael,,0,0,1,0,0,0,,1,1,100,2,2,100,1,1,100
161,Adams; Lane,,0,0,8,0,1,2,50,3,4,75,3,4,75,8,8,100
162,Taijeron; Travis,,0,1,3,33.3,0,1,0,0,1,0,3,3,100,2,2,100
163,Smith; Seth,,0,0,24,0,1,6,16.7,11,15,73.3,10,10,100,23,23,100
164,Santander; Anthony,,0,0,0,,0,0,,2,2,100,1,2,50,2,2,100
165,Santana; Carlos,,0,1,2,50,0,1,0,0,0,,0,0,,1,1,100
166,Robertson; Daniel,,0,0,1,0,0,0,,0,0,,0,0,,0,0,
167,Phillips; Brett,,0,0,4,0,2,3,66.7,3,3,100,2,3,66.7,12,13,92.3
168,Perkins; Cameron,,0,0,3,0,1,3,33.3,1,1,100,2,3,66.7,5,6,83.3
169,Motter; Taylor,,0,0,2,0,0,2,0,2,2,100,1,1,100,4,4,100
170,Goodrum; Niko,,0,0,0,,0,0,,0,0,,0,0,,1,1,100
171,Forsythe; Logan,,0,0,1,0,0,0,,0,0,,0,0,,0,0,
172,Dickson; O'Koyea,,0,0,1,0,0,0,,0,0,,0,0,,1,1,100
173,Diaz; Aledmys,,0,0,0,,0,0,,0,0,,0,0,,0,0,
174,Descalso; Daniel,,0,0,6,0,0,0,,2,2,100,2,3,66.7,4,4,100
175,Reynolds; Matt,,0,0,0,,0,0,,0,1,0,0,0,,0,0,
176,Powell; Boog,,0,0,2,0,0,0,,1,2,50,3,3,100,14,15,93.3
177,Ortiz; Danny,,0,0,0,,0,1,0,0,0,,0,0,,1,1,100
178,Negron; Kristopher,,0,0,1,0,0,0,,0,0,,1,1,100,1,1,100
179,Johnson; Micah,,0,0,0,,0,0,,0,1,0,0,0,,0,0,
180,Gyorko; Jedd,,0,0,0,,0,0,,0,0,,0,0,,0,0,
181,Guyer; Brandon,,0,0,6,0,2,4,50,6,7,85.7,8,11,72.7,5,5,100
182,Gimenez; Chris,,0,0,0,,0,0,,0,0,,0,1,0,1,1,100
183,Ethier; Andre,,0,0,0,,1,2,50,0,0,,0,2,0,1,1,100
184,Eibner; Brett,,0,0,2,0,0,1,0,0,0,,1,1,100,1,1,100
185,Zobrist; Ben,,-1,0,9,0,1,4,25,3,4,75,4,6,66.7,12,12,100
186,Diaz; Yandy,,-1,0,0,,0,0,,0,2,0,0,0,,0,0,
187,Stanton; Giancarlo,,-1,0,29,0,8,15,53.3,6,17,35.3,19,21,90.5,53,54,98.1
188,Williamson; Mac,,-1,0,2,0,0,1,0,3,4,75,2,2,100,9,11,81.8
189,Brugman; Jaycob,,-1,0,10,0,3,6,50,6,9,66.7,6,8,75,14,17,82.4
190,Upton; Justin,,-1,1,23,4.3,9,20,45,8,13,61.5,19,22,86.4,37,40,92.5
191,Belt; Brandon,,-1,0,3,0,0,1,0,1,2,50,1,1,100,3,3,100
192,Valaika; Pat,,-1,0,0,,0,0,,0,0,,0,1,0,2,2,100
193,Romine; Andrew,,-1,0,19,0,6,14,42.9,2,3,66.7,6,7,85.7,13,15,86.7
194,Robertson; Daniel,,-1,0,4,0,1,3,33.3,2,4,50,3,3,100,5,5,100
195,Blackmon; Charlie,,-1,1,36,2.8,5,20,25,19,27,70.4,29,33,87.9,61,63,96.8
196,Parker; Jarrett,,-1,1,8,12.5,2,6,33.3,1,2,50,4,5,80,11,11,100
197,Calixte; Orlando,,-1,0,0,,0,2,0,0,0,,2,2,100,3,3,100
198,Sierra; Magneuris,,-1,0,0,,1,3,33.3,1,1,100,1,1,100,1,2,50
199,Kivlehan; Patrick,,-1,0,7,0,1,1,100,1,3,33.3,2,2,100,9,9,100
200,Flores; Ramon,,-1,0,0,,0,0,,1,3,33.3,1,1,100,1,1,100
201,Hays; Austin,,-1,0,4,0,0,0,,2,3,66.7,2,2,100,1,1,100
202,Valencia; Danny,,-1,0,1,0,0,0,,0,0,,0,0,,1,2,50
203,Difo; Wilmer,,-1,0,1,0,0,0,,0,1,0,1,1,100,0,0,
204,Owings; Chris,,-1,0,5,0,0,2,0,0,0,,1,1,100,4,4,100
205,Bryant; Kris,,-1,0,4,0,0,0,,0,0,,1,1,100,2,3,66.7
206,Adrianza; Ehire,,-1,0,0,,1,1,100,0,1,0,1,1,100,7,8,87.5
207,Winker; Jesse,,-1,0,6,0,1,2,50,0,2,0,3,3,100,4,4,100
208,Villar; Jonathan,,-1,0,1,0,0,1,0,0,2,0,0,0,,0,0,
209,Rasmus; Colby,,-1,0,5,0,3,9,33.3,2,2,100,4,5,80,9,9,100
210,Puig; Yasiel,,-1,1,23,4.3,4,15,26.7,11,19,57.9,19,22,86.4,54,55,98.2
211,Bruce; Jay,,-1,0,15,0,9,18,50,17,22,77.3,14,17,82.4,34,38,89.5
212,Soler; Jorge,,-1,0,4,0,1,4,25,1,2,50,3,4,75,8,8,100
213,Thompson; Trayce,,-1,0,1,0,1,1,100,2,2,100,2,2,100,2,3,66.7
214,Kendrick; Howie,,-1,0,9,0,1,4,25,5,7,71.4,5,7,71.4,20,21,95.2
215,Adduci; Jim,,-1,0,11,0,1,3,33.3,1,1,100,2,4,50,12,12,100
216,Vogt; Stephen,,-1,0,0,,0,0,,0,0,,0,0,,0,1,0
217,Springer; George,,-1,0,30,0,7,16,43.8,16,21,76.2,16,19,84.2,36,39,92.3
218,Hoying; Jared,,-1,0,2,0,1,3,33.3,2,4,50,5,7,71.4,6,6,100
219,Wade; Tyler,,-1,0,0,,0,0,,0,0,,0,0,,0,0,
220,Peterson; Jace,,-1,0,2,0,0,3,0,0,1,0,10,10,100,3,4,75
221,Peraza; Jose,,-1,0,1,0,0,0,,1,1,100,0,0,,0,1,0
222,Franklin; Nick,,-1,0,6,0,0,2,0,0,1,0,2,2,100,2,2,100
223,Altherr; Aaron,,-1,0,26,0,4,10,40,8,12,66.7,9,9,100,34,35,97.1
224,Calhoun; Willie,,-1,0,2,0,1,1,100,1,2,50,1,1,100,2,2,100
225,Rosales; Adam,,-1,0,0,,0,1,0,0,0,,0,0,,0,0,
226,Fuentes; Rey,,-1,0,3,0,0,1,0,3,3,100,2,3,66.7,12,12,100
227,Saunders; Michael,,-1,0,6,0,0,4,0,5,6,83.3,4,6,66.7,13,14,92.9
228,Bonifacio; Emilio,,-1,0,0,,0,0,,0,1,0,0,0,,1,1,100
229,Grossman; Robbie,,-1,0,13,0,1,7,14.3,5,5,100,3,3,100,15,16,93.8
230,Ervin; Phillip,,-1,0,4,0,0,1,0,1,3,33.3,4,4,100,5,5,100
231,Delmonico; Nicky,,-1,1,7,14.3,0,0,,4,7,57.1,7,9,77.8,6,6,100
232,Flaherty; Ryan,,-1,0,0,,0,0,,1,1,100,0,0,,2,3,66.7
233,Nava; Daniel,,-1,0,11,0,0,3,0,3,4,75,5,5,100,10,10,100
234,Cruz; Nelson,,-1,0,0,,0,0,,0,0,,0,0,,0,1,0
235,Gutierrez; Franklin,,-1,0,5,0,0,0,,0,0,,1,2,50,2,2,100
236,Amarista; Alexi,,-1,0,3,0,0,0,,1,2,50,0,0,,0,0,
237,Hernandez; Enrique,,-1,1,10,10,1,7,14.3,3,3,100,6,8,75,14,14,100
238,Herrmann; Chris,,-1,0,3,0,0,0,,2,2,100,1,2,50,5,7,71.4
239,Kelly; Ty,,-1,0,1,0,0,0,,0,0,,0,0,,1,2,50
240,Reyes; Jose,,-1,0,0,,0,0,,0,1,0,0,0,,0,0,
241,Harrison; Josh,,-1,0,1,0,0,3,0,1,1,100,1,1,100,3,3,100
242,Garcia; Willy,,-2,0,13,0,1,2,50,4,6,66.7,2,3,66.7,11,11,100
243,Jackson; Austin,,-2,0,13,0,2,7,28.6,6,11,54.5,9,11,81.8,23,24,95.8
244,Kipnis; Jason,,-2,1,4,25,0,2,0,0,1,0,0,0,,0,1,0
245,Happ; Ian,,-2,0,9,0,2,5,40,5,5,100,6,9,66.7,20,21,95.2
246,Thames; Eric,,-2,0,3,0,0,2,0,1,1,100,0,0,,3,3,100
247,Gennett; Scooter,,-2,0,0,,0,0,,0,2,0,5,6,83.3,4,5,80
248,Luplow; Jordan,,-2,0,3,0,0,0,,0,3,0,2,3,66.7,8,8,100
249,Spangenberg; Cory,,-2,0,5,0,0,2,0,0,0,,2,2,100,3,4,75
250,Presley; Alex,,-2,0,13,0,0,4,0,2,4,50,11,12,91.7,15,17,88.2
251,Pillar; Kevin,,-2,0,25,0,4,18,22.2,15,20,75,16,17,94.1,54,57,94.7
252,Conforto; Michael,,-2,0,28,0,1,3,33.3,10,16,62.5,20,20,100,27,27,100
253,Raburn; Ryan,,-2,0,3,0,0,1,0,1,3,33.3,1,1,100,3,3,100
254,Hoskins; Rhys,,-2,0,4,0,0,0,,2,2,100,0,3,0,10,11,90.9
255,Goodwin; Brian,,-2,0,11,0,2,6,33.3,5,13,38.5,5,5,100,19,19,100
256,Pence; Hunter,,-2,1,19,5.3,2,17,11.8,15,18,83.3,17,21,81,43,44,97.7
257,Desmond; Ian,,-2,0,9,0,2,7,28.6,8,15,53.3,8,8,100,18,18,100
258,Hanson; Alen,,-2,0,9,0,1,4,25,2,4,50,5,6,83.3,5,5,100
259,Ruggiano; Justin,,-2,0,4,0,0,3,0,0,1,0,4,6,66.7,7,7,100
260,Joyce; Matt,,-2,1,21,4.8,4,14,28.6,9,12,75,16,19,84.2,36,38,94.7
261,Castellanos; Nicholas,,-2,0,5,0,0,2,0,0,2,0,0,0,,3,3,100
262,Almora Jr.; Albert,,-2,1,11,9.1,2,10,20,10,17,58.8,10,10,100,20,22,90.9
263,Kim; Hyun Soo,,-3,0,16,0,1,9,11.1,3,7,42.9,7,7,100,10,10,100
264,Jaso; John,,-3,1,11,9.1,1,4,25,3,6,50,3,5,60,18,20,90
265,Mazara; Nomar,,-3,0,30,0,7,17,41.2,7,11,63.6,10,16,62.5,35,38,92.1
266,Renfroe; Hunter,,-3,0,25,0,6,14,42.9,8,14,57.1,14,18,77.8,36,36,100
267,Braun; Ryan,,-3,0,17,0,2,11,18.2,8,11,72.7,6,8,75,24,24,100
268,Adams; Matt,,-3,0,3,0,0,3,0,0,1,0,0,0,,4,6,66.7
269,Jay; Jon,,-3,0,15,0,3,8,37.5,6,11,54.5,6,8,75,27,30,90
270,Pirela; Jose,,-3,0,12,0,2,11,18.2,6,8,75,9,10,90,16,17,94.1
271,Calhoun; Kole,,-3,1,35,2.9,2,15,13.3,14,19,73.7,17,21,81,41,42,97.6
272,Young; Chris,,-3,0,9,0,1,5,20,1,3,33.3,5,6,83.3,9,9,100
273,Yelich; Christian,,-4,0,38,0,2,14,14.3,17,23,73.9,29,31,93.5,51,52,98.1
274,Harper; Bryce,,-4,1,18,5.6,3,8,37.5,4,10,40,6,8,75,33,36,91.7
275,Hernandez; Teoscar,,-4,0,1,0,0,3,0,2,4,50,1,1,100,6,7,85.7
276,Bonifacio; Jorge,,-4,0,14,0,1,5,20,12,16,75,11,14,78.6,24,26,92.3
277,Aoki; Norichika,,-4,0,24,0,1,11,9.1,5,6,83.3,9,9,100,16,18,88.9
278,Nunez; Eduardo,,-4,0,6,0,0,6,0,0,1,0,3,4,75,7,9,77.8
279,Lind; Adam,,-4,0,5,0,0,3,0,0,1,0,4,5,80,8,10,80
280,Trout; Mike,,-4,0,15,0,1,8,12.5,9,18,50,17,17,100,34,36,94.4
281,Rosario; Eddie,,-4,1,31,3.2,5,16,31.3,10,16,62.5,9,11,81.8,33,33,100
282,Tomas; Yasmany,,-4,0,3,0,0,1,0,1,4,25,2,5,40,6,7,85.7
283,Blash; Jabari,,-4,0,10,0,1,5,20,6,9,66.7,1,2,50,16,18,88.9
284,Canha; Mark,,-5,0,8,0,0,1,0,6,9,66.7,6,10,60,13,14,92.9
285,Markakis; Nick,,-5,1,34,2.9,4,23,17.4,12,19,63.2,16,17,94.1,38,40,95
286,Werth; Jayson,,-5,0,17,0,1,9,11.1,7,9,77.8,7,9,77.8,21,23,91.3
287,Pearce; Steve,,-5,0,14,0,0,5,0,6,7,85.7,4,7,57.1,18,22,81.8
288,Trumbo; Mark,,-5,0,3,0,0,2,0,0,2,0,4,6,66.7,10,13,76.9
289,Osuna; Jose,,-5,0,9,0,0,7,0,0,1,0,2,3,66.7,5,6,83.3
290,Granderson; Curtis,,-5,0,18,0,4,14,28.6,8,12,66.7,20,23,87,24,26,92.3
291,Martinez; J.D.,,-5,0,23,0,0,9,0,8,12,66.7,13,14,92.9,25,28,89.3
292,Mancini; Trey,,-5,0,12,0,2,8,25,3,13,23.1,9,11,81.8,23,23,100
293,Martinez; Jose,,-5,0,8,0,0,7,0,2,7,28.6,1,1,100,6,6,100
294,Collins; Tyler,,-6,0,10,0,0,3,0,3,3,100,6,9,66.7,19,21,90.5
295,Bautista; Jose,,-6,1,31,3.2,0,16,0,12,19,63.2,16,20,80,38,44,86.4
296,Santana; Domingo,,-6,0,27,0,0,11,0,6,11,54.5,22,23,95.7,26,27,96.3
297,Carrera; Ezequiel,,-6,0,16,0,2,6,33.3,4,9,44.4,8,10,80,15,19,78.9
298,Benintendi; Andrew,,-7,1,24,4.2,1,18,5.6,5,7,71.4,15,18,83.3,40,46,87
299,Jones; Adam,,-7,0,29,0,2,17,11.8,13,25,52,13,15,86.7,41,42,97.6
300,Williams; Nick,,-7,0,16,0,1,10,10,5,7,71.4,6,8,75,15,21,71.4
301,Choo; Shin-Soo,,-7,0,22,0,2,3,66.7,4,13,30.8,9,11,81.8,21,24,87.5
302,Gamel; Ben,,-8,0,22,0,4,11,36.4,10,15,66.7,18,20,90,43,47,91.5
303,Pederson; Joc,,-8,0,15,0,1,11,9.1,3,6,50,9,12,75,17,18,94.4
304,Schwarber; Kyle,,-8,1,12,8.3,0,10,0,4,7,57.1,5,10,50,25,26,96.2
305,Fowler; Dexter,,-9,0,22,0,1,9,11.1,4,10,40,15,18,83.3,40,43,93
306,Cespedes; Yoenis,,-9,1,22,4.5,0,6,0,7,10,70,10,11,90.9,21,25,84
307,Span; Denard,,-12,0,30,0,2,16,12.5,14,23,60.9,20,24,83.3,39,40,97.5
308,Cabrera; Melky,,-12,0,44,0,0,14,0,4,12,33.3,18,23,78.3,34,35,97.1
309,Kemp; Matt,,-17,0,17,0,0,13,0,3,14,21.4,7,12,58.3,19,23,82.6